#zmean logMknee_tot Phiknee1_tot Phiknee2_tot alpha1_tot  alpha2_tot
# Converted to Bolshoi cosmology
2.9999999329E-02  1.0667600632E+01  3.8005390670E-03  6.7282275995E-04  -4.3000000715E-01  -1.5000000000E+00
3.4999999404E-01  1.0856210709E+01  2.1451551002E-03  8.9424931502E-05  -9.4999998808E-01  -1.8200000525E+00
6.4999997616E-01  1.0785123825E+01  2.0118020475E-03  5.2915792912E-04  -5.6999999285E-01  -1.4900000095E+00
9.4999998808E-01  1.0704272270E+01  2.4840966798E-03  5.3109036526E-04  -3.3000001311E-01  -1.4900000095E+00
1.2999999523E+00  1.0683526993E+01  1.2203151127E-03  5.3268700140E-04  1.8999999762E-01  -1.4900000095E+00
1.7500000000E+00  1.0672639847E+01  8.9689885499E-04  4.7080413788E-04  -1.9234959781E-01  -1.4500000477E+00
2.2500000000E+00  1.0513917923E+01  3.2703951001E-04  4.4329607044E-04  8.2311469316E-01  -1.4500000477E+00
3.0000000000E+00  1.0513819695E+01  1.7320831830E-04  2.6937280199E-04  7.0743638277E-01  -1.6534260511E+00
4.0000000000E+00  1.0741389275E+01  0.0000000000E+00  1.0705847671E-04  0.0000000000E+00  -1.6299999952E+00
5.0000000000E+00  1.0561120033E+01  0.0000000000E+00  6.1651640863E-05  0.0000000000E+00  -1.6499999762E+00
6.0000000000E+00  1.0270933151E+01  0.0000000000E+00  6.4589148678E-05  0.0000000000E+00  -1.5499999523E+00
7.0000000000E+00  1.0470794678E+01  0.0000000000E+00  5.3741955526E-06  0.0000000000E+00  -1.8799999952E+00