# wavelength[um] nub_i[nW m-2 sr-1 / MJy sr-1]
0.5023961171042849 17.575675695579026
0.5685042944022811 19.985784118016777
0.6383601349542738 21.591970632942864
0.7167996194774279 21.329195793262063
0.8079928318845887 20.019000199389918
0.8864885172616859 17.849768516472338
0.9915791566298089 15.514983128546785
1.0837154430141627 12.811508044052967
1.179846209213362 10.311697476798992
1.28947603300983 7.39721085162598
1.4257203491617725 5.444283343102326
1.5521885936019506 4.4955386970441635
1.6704036342582078 3.711923230131354
1.7837866016703472 2.874899071674688
1.9122386967250362 2.2553279413247203
2.1122423353950044 1.8446491410828514
2.425061290568431 1.6877503646491796
2.655519281497148 1.619716091454428
2.9135002904957386 1.6204256208777976